data/rays/GEBCO2014.asc
ncols        78
nrows        72
xllcorner    103.700000000000
yllcorner    -21.400000000000
cellsize     0.008333333333
NODATA_value -32768
[rows 0 to 33 of 72, columns 0 to 76 of 78]
-5134 -5107 -5080 -5055 -5026 -4992 -4965 -4946 -4923 -4898 -4885 -4882 -4878 -4873 -4878 -4893 -4907 -4920 -4940 -4967 -4995 -5025 -5062 -5103 -5152 -5208 -5267 -5329 -5389 -5443 -5495 -5542 -5574 -5590 -5599 -5603 -5591 -5565 -5536 -5504 -5464 -5420 -5375 -5329 -5284 -5241 -5200 -5159 -5127 -5105 -5087 -5073 -5070 -5072 -5080 -5093 -5107 -5120 -5127 -5131 -5133 -5135 -5138 -5143 -5146 -5147 -5138 -5134 -5140 -5147 -5162 -5177 -5190 -5202 -5215 -5227 -5238
-5036 -5005 -4979 -4960 -4931 -4891 -4863 -4849 -4825 -4792 -4777 -4780 -4776 -4764 -4769 -4789 -4804 -4812 -4834 -4867 -4897 -4925 -4967 -5011 -5067 -5134 -5204 -5275 -5350 -5412 -5474 -5533 -5572 -5586 -5599 -5611 -5599 -5570 -5541 -5514 -5475 -5431 -5387 -5342 -5296 -5254 -5211 -5167 -5132 -5112 -5095 -5079 -5080 -5085 -5099 -5116 -5135 -5155 -5164 -5165 -5164 -5166 -5166 -5172 -5174 -5177 -5165 -5167 -5172 -5176 -5198 -5217 -5233 -5247 -5259 -5267 -5275
-4954 -4925 -4901 -4881 -4852 -4816 -4787 -4769 -4744 -4713 -4696 -4696 -4690 -4679 -4683 -4699 -4712 -4721 -4742 -4774 -4805 -4835 -4879 -4927 -4987 -5061 -5139 -5218 -5303 -5378 -5449 -5513 -5556 -5577 -5591 -5601 -5592 -5567 -5541 -5515 -5480 -5439 -5399 -5358 -5314 -5270 -5226 -5183 -5146 -5122 -5105 -5093 -5094 -5102 -5118 -5138 -5158 -5177 -5190 -5194 -5192 -5190 -5190 -5194 -5197 -5199 -5198 -5204 -5213 -5224 -5243 -5260 -5277 -5294 -5304 -5308 -5312
-4884 -4853 -4829 -4815 -4787 -4746 -4716 -4703 -4676 -4636 -4618 -4623 -4615 -4596 -4598 -4619 -4629 -4629 -4650 -4687 -4718 -4743 -4792 -4841 -4903 -4987 -5072 -5159 -5260 -5346 -5427 -5502 -5549 -5568 -5583 -5598 -5589 -5562 -5537 -5517 -5485 -5446 -5410 -5376 -5333 -5287 -5242 -5198 -5153 -5130 -5113 -5099 -5106 -5116 -5135 -5159 -5182 -5205 -5216 -5216 -5215 -5213 -5210 -5216 -5221 -5223 -5229 -5240 -5253 -5269 -5291 -5305 -5321 -5341 -5350 -5347 -5347
-4832 -4804 -4783 -4770 -4744 -4704 -4675 -4661 -4634 -4594 -4573 -4575 -4565 -4542 -4541 -4560 -4567 -4562 -4578 -4616 -4645 -4667 -4716 -4764 -4828 -4919 -5010 -5103 -5217 -5316 -5407 -5487 -5536 -5554 -5568 -5581 -5572 -5546 -5524 -5508 -5481 -5445 -5415 -5389 -5350 -5301 -5257 -5215 -5163 -5140 -5125 -5112 -5123 -5136 -5155 -5179 -5201 -5221 -5232 -5236 -5236 -5236 -5235 -5241 -5248 -5253 -5264 -5276 -5291 -5310 -5331 -5342 -5358 -5378 -5384 -5375 -5372
-4800 -4781 -4763 -4746 -4722 -4691 -4664 -4643 -4616 -4584 -4563 -4553 -4540 -4523 -4518 -4524 -4527 -4527 -4540 -4565 -4591 -4616 -4657 -4705 -4770 -4857 -4954 -5059 -5178 -5289 -5388 -5468 -5515 -5536 -5546 -5550 -5540 -5520 -5500 -5481 -5459 -5432 -5408 -5380 -5344 -5302 -5264 -5221 -5179 -5152 -5143 -5139 -5149 -5163 -5181 -5202 -5222 -5239 -5250 -5256 -5259 -5261 -5264 -5270 -5277 -5285 -5296 -5309 -5324 -5342 -5359 -5370 -5383 -5395 -5398 -5390 -5383
-4778 -4763 -4748 -4732 -4710 -4683 -4656 -4633 -4606 -4576 -4553 -4540 -4523 -4504 -4495 -4496 -4495 -4491 -4499 -4520 -4540 -4560 -4595 -4638 -4701 -4790 -4892 -5006 -5145 -5273 -5386 -5473 -5513 -5525 -5528 -5525 -5513 -5492 -5471 -5454 -5435 -5414 -5398 -5369 -5336 -5294 -5257 -5222 -5187 -5167 -5160 -5161 -5172 -5188 -5207 -5225 -5244 -5261 -5272 -5279 -5283 -5288 -5291 -5297 -5305 -5315 -5326 -5339 -5354 -5371 -5386 -5395 -5405 -5415 -5413 -5401 -5390
-4762 -4749 -4738 -4726 -4706 -4678 -4651 -4631 -4604 -4568 -4543 -4533 -4514 -4485 -4472 -4476 -4470 -4454 -4458 -4480 -4493 -4500 -4533 -4563 -4617 -4717 -4823 -4942 -5120 -5271 -5404 -5506 -5528 -5521 -5513 -5506 -5490 -5465 -5440 -5426 -5408 -5385 -5366 -5349 -5318 -5276 -5243 -5217 -5183 -5172 -5171 -5176 -5191 -5211 -5232 -5249 -5267 -5286 -5298 -5303 -5308 -5313 -5317 -5323 -5331 -5342 -5355 -5365 -5380 -5400 -5415 -5417 -5424 -5437 -5431 -5409 -5394
-4757 -4752 -4744 -4732 -4715 -4692 -4667 -4643 -4615 -4584 -4559 -4543 -4524 -4499 -4483 -4477 -4466 -4451 -4448 -4458 -4464 -4467 -4489 -4513 -4558 -4651 -4758 -4892 -5101 -5275 -5431 -5527 -5526 -5509 -5495 -5485 -5463 -5436 -5411 -5391 -5371 -5345 -5323 -5303 -5274 -5243 -5217 -5198 -5179 -5173 -5177 -5189 -5207 -5229 -5251 -5268 -5287 -5307 -5320 -5325 -5331 -5338 -5342 -5347 -5354 -5366 -5377 -5385 -5398 -5416 -5427 -5427 -5431 -5436 -5427 -5404 -5384
-4757 -4760 -4756 -4745 -4730 -4712 -4687 -4662 -4634 -4602 -4577 -4562 -4543 -4517 -4497 -4488 -4473 -4451 -4442 -4446 -4443 -4434 -4452 -4463 -4485 -4588 -4687 -4808 -5094 -5280 -5473 -5580 -5522 -5491 -5475 -5467 -5439 -5404 -5375 -5354 -5331 -5299 -5273 -5254 -5226 -5201 -5182 -5172 -5164 -5163 -5174 -5196 -5216 -5244 -5269 -5283 -5303 -5330 -5343 -5344 -5350 -5362 -5365 -5365 -5372 -5386 -5396 -5399 -5409 -5428 -5439 -5430 -5430 -5436 -5423 -5392 -5367
-4759 -4770 -4771 -4759 -4747 -4735 -4712 -4685 -4658 -4634 -4610 -4591 -4572 -4553 -4531 -4512 -4492 -4470 -4457 -4450 -4441 -4432 -4443 -4451 -4472 -4565 -4650 -4788 -5036 -5220 -5386 -5502 -5487 -5456 -5438 -5429 -5400 -5361 -5329 -5304 -5274 -5241 -5214 -5192 -5168 -5149 -5137 -5134 -5134 -5140 -5157 -5185 -5209 -5242 -5270 -5284 -5307 -5338 -5352 -5352 -5359 -5374 -5377 -5374 -5379 -5393 -5399 -5399 -5407 -5423 -5429 -5417 -5413 -5415 -5398 -5364 -5335
-4758 -4770 -4775 -4769 -4761 -4749 -4730 -4705 -4681 -4659 -4638 -4619 -4603 -4585 -4563 -4539 -4515 -4491 -4472 -4460 -4449 -4448 -4457 -4478 -4517 -4595 -4689 -4819 -4997 -5154 -5288 -5381 -5403 -5395 -5382 -5368 -5340 -5304 -5270 -5240 -5207 -5175 -5147 -5123 -5103 -5089 -5083 -5083 -5090 -5104 -5125 -5154 -5184 -5217 -5247 -5269 -5294 -5321 -5337 -5344 -5352 -5364 -5368 -5368 -5372 -5380 -5385 -5385 -5390 -5397 -5398 -5389 -5381 -5373 -5353 -5322 -5291
-4756 -4774 -4783 -4780 -4775 -4767 -4748 -4723 -4700 -4681 -4662 -4645 -4633 -4619 -4596 -4565 -4537 -4509 -4485 -4474 -4467 -4468 -4480 -4504 -4547 -4624 -4718 -4832 -4974 -5104 -5216 -5299 -5332 -5332 -5324 -5310 -5281 -5244 -5207 -5173 -5137 -5104 -5074 -5049 -5031 -5022 -5020 -5025 -5039 -5058 -5085 -5118 -5152 -5190 -5223 -5248 -5276 -5305 -5323 -5331 -5341 -5353 -5357 -5356 -5359 -5365 -5367 -5366 -5367 -5371 -5368 -5357 -5345 -5333 -5311 -5278 -5245
-4753 -4781 -4795 -4790 -4788 -4788 -4767 -4737 -4714 -4700 -4680 -4664 -4659 -4650 -4626 -4585 -4552 -4525 -4499 -4490 -4484 -4483 -4500 -4521 -4560 -4644 -4734 -4829 -4961 -5068 -5165 -5249 -5280 -5274 -5266 -5258 -5225 -5181 -5141 -5104 -5063 -5028 -4997 -4971 -4953 -4950 -4952 -4960 -4980 -5004 -5037 -5076 -5114 -5160 -5199 -5222 -5252 -5291 -5310 -5313 -5323 -5341 -5345 -5338 -5339 -5349 -5349 -5341 -5340 -5345 -5340 -5322 -5308 -5297 -5272 -5233 -5197
-4741 -4771 -4790 -4790 -4791 -4787 -4765 -4738 -4715 -4700 -4677 -4662 -4653 -4642 -4619 -4586 -4556 -4531 -4512 -4504 -4503 -4509 -4529 -4557 -4603 -4674 -4755 -4845 -4948 -5036 -5115 -5181 -5209 -5208 -5200 -5185 -5152 -5109 -5066 -5025 -4983 -4948 -4917 -4890 -4875 -4873 -4878 -4889 -4912 -4941 -4978 -5020 -5062 -5109 -5150 -5180 -5212 -5248 -5270 -5278 -5290 -5305 -5310 -5306 -5306 -5312 -5311 -5304 -5301 -5301 -5293 -5276 -5259 -5244 -5217 -5180 -5143
-4722 -4759 -4784 -4781 -4787 -4786 -4759 -4729 -4710 -4699 -4676 -4655 -4642 -4631 -4609 -4580 -4554 -4533 -4517 -4515 -4519 -4528 -4553 -4587 -4634 -4698 -4772 -4853 -4941 -5009 -5073 -5130 -5151 -5145 -5133 -5119 -5080 -5035 -4989 -4944 -4898 -4865 -4834 -4804 -4789 -4794 -4800 -4810 -4837 -4872 -4912 -4957 -5003 -5054 -5100 -5129 -5164 -5204 -5230 -5235 -5247 -5266 -5271 -5264 -5265 -5272 -5271 -5259 -5255 -5256 -5246 -5225 -5207 -5192 -5163 -5125 -5086
-4685 -4723 -4743 -4744 -4747 -4747 -4730 -4706 -4688 -4675 -4655 -4637 -4622 -4608 -4588 -4568 -4548 -4531 -4522 -4525 -4533 -4547 -4574 -4610 -4658 -4715 -4780 -4853 -4924 -4978 -5029 -5074 -5088 -5078 -5063 -5042 -5004 -4958 -4910 -4861 -4816 -4785 -4754 -4724 -4711 -4717 -4724 -4734 -4761 -4800 -4841 -4884 -4933 -4984 -5032 -5065 -5102 -5142 -5167 -5177 -5190 -5208 -5212 -5208 -5209 -5215 -5212 -5203 -5198 -5196 -5185 -5166 -5148 -5130 -5102 -5066 -5028
-4646 -4674 -4691 -4696 -4699 -4699 -4689 -4672 -4657 -4644 -4628 -4613 -4599 -4585 -4568 -4555 -4541 -4530 -4526 -4532 -4544 -4562 -4590 -4626 -4671 -4722 -4780 -4843 -4901 -4944 -4984 -5016 -5024 -5012 -4992 -4966 -4926 -4882 -4834 -4785 -4741 -4709 -4678 -4650 -4638 -4643 -4651 -4662 -4688 -4727 -4767 -4810 -4858 -4908 -4955 -4993 -5030 -5066 -5093 -5108 -5122 -5137 -5143 -5143 -5144 -5147 -5145 -5139 -5134 -5129 -5119 -5103 -5086 -5066 -5039 -5007 -4971
-4602 -4628 -4641 -4645 -4650 -4653 -4648 -4635 -4624 -4612 -4599 -4588 -4577 -4563 -4549 -4541 -4533 -4525 -4526 -4535 -4549 -4568 -4598 -4634 -4678 -4722 -4774 -4832 -4881 -4911 -4941 -4969 -4969 -4949 -4926 -4897 -4852 -4808 -4760 -4708 -4663 -4635 -4605 -4571 -4560 -4570 -4578 -4584 -4612 -4654 -4694 -4733 -4783 -4832 -4880 -4919 -4956 -4993 -5021 -5036 -5052 -5069 -5074 -5074 -5076 -5079 -5078 -5072 -5067 -5063 -5054 -5040 -5024 -5006 -4981 -4950 -4917
-4552 -4571 -4584 -4591 -4598 -4602 -4600 -4596 -4589 -4582 -4573 -4566 -4557 -4547 -4538 -4532 -4528 -4524 -4527 -4537 -4551 -4571 -4599 -4633 -4672 -4712 -4757 -4805 -4844 -4870 -4892 -4909 -4906 -4886 -4860 -4828 -4785 -4741 -4694 -4644 -4601 -4572 -4542 -4512 -4501 -4508 -4516 -4524 -4550 -4589 -4628 -4666 -4712 -4758 -4803 -4843 -4880 -4914 -4941 -4959 -4975 -4990 -4997 -5001 -5003 -5005 -5005 -5003 -4999 -4994 -4987 -4976 -4962 -4945 -4923 -4896 -4865
-4500 -4515 -4528 -4538 -4547 -4553 -4555 -4557 -4556 -4553 -4548 -4545 -4541 -4533 -4526 -4524 -4522 -4521 -4524 -4534 -4549 -4567 -4594 -4626 -4662 -4695 -4734 -4778 -4811 -4827 -4843 -4857 -4849 -4826 -4798 -4766 -4721 -4679 -4633 -4581 -4538 -4514 -4485 -4452 -4440 -4452 -4459 -4462 -4487 -4529 -4566 -4599 -4644 -4686 -4731 -4771 -4807 -4838 -4863 -4883 -4900 -4913 -4921 -4927 -4931 -4933 -4934 -4933 -4931 -4927 -4922 -4913 -4902 -4888 -4869 -4845 -4817
-4449 -4462 -4475 -4487 -4498 -4506 -4514 -4520 -4525 -4527 -4528 -4528 -4527 -4523 -4520 -4518 -4517 -4518 -4521 -4530 -4543 -4560 -4583 -4610 -4640 -4670 -4703 -4736 -4762 -4778 -4789 -4795 -4786 -4766 -4739 -4706 -4666 -4625 -4581 -4535 -4496 -4469 -4441 -4416 -4405 -4410 -4417 -4425 -4447 -4481 -4516 -4549 -4588 -4626 -4666 -4704 -4737 -4766 -4790 -4811 -4827 -4839 -4848 -4855 -4860 -4863 -4865 -4866 -4866 -4863 -4859 -4853 -4844 -4832 -4816 -4796 -4772
-4399 -4409 -4423 -4437 -4450 -4462 -4474 -4486 -4496 -4503 -4509 -4513 -4515 -4515 -4513 -4512 -4512 -4512 -4515 -4522 -4533 -4548 -4567 -4591 -4616 -4641 -4669 -4696 -4718 -4730 -4738 -4741 -4731 -4711 -4684 -4652 -4614 -4575 -4533 -4489 -4452 -4426 -4400 -4375 -4365 -4370 -4377 -4384 -4404 -4437 -4469 -4499 -4534 -4569 -4605 -4642 -4673 -4698 -4721 -4742 -4757 -4768 -4777 -4786 -4792 -4795 -4798 -4801 -4802 -4800 -4799 -4795 -4788 -4779 -4766 -4750 -4730
-4349 -4356 -4371 -4389 -4405 -4419 -4436 -4455 -4470 -4482 -4492 -4500 -4505 -4507 -4507 -4506 -4505 -4505 -4506 -4511 -4520 -4532 -4548 -4568 -4590 -4610 -4633 -4659 -4679 -4686 -4692 -4695 -4684 -4662 -4635 -4603 -4565 -4531 -4489 -4442 -4405 -4387 -4362 -4331 -4321 -4334 -4339 -4338 -4359 -4396 -4426 -4449 -4485 -4515 -4549 -4586 -4615 -4635 -4657 -4679 -4693 -4701 -4710 -4721 -4727 -4728 -4733 -4740 -4742 -4740 -4741 -4740 -4736 -4729 -4720 -4707 -4691
-4303 -4308 -4323 -4346 -4365 -4382 -4405 -4427 -4447 -4465 -4481 -4489 -4496 -4502 -4503 -4500 -4498 -4497 -4495 -4497 -4502 -4511 -4522 -4537 -4555 -4573 -4593 -4614 -4632 -4639 -4644 -4646 -4636 -4617 -4592 -4562 -4527 -4496 -4458 -4415 -4380 -4363 -4340 -4312 -4302 -4314 -4319 -4317 -4337 -4371 -4399 -4418 -4452 -4480 -4509 -4544 -4569 -4586 -4605 -4627 -4640 -4644 -4653 -4666 -4671 -4670 -4675 -4684 -4688 -4687 -4688 -4689 -4686 -4682 -4677 -4666 -4653
-4263 -4270 -4286 -4308 -4330 -4352 -4378 -4403 -4427 -4449 -4467 -4478 -4487 -4495 -4496 -4493 -4490 -4487 -4483 -4481 -4482 -4486 -4493 -4504 -4517 -4533 -4550 -4567 -4582 -4590 -4596 -4597 -4591 -4575 -4554 -4529 -4500 -4470 -4437 -4402 -4373 -4353 -4333 -4312 -4304 -4309 -4314 -4318 -4335 -4362 -4386 -4408 -4435 -4460 -4487 -4515 -4537 -4553 -4570 -4587 -4599 -4604 -4612 -4621 -4626 -4627 -4631 -4637 -4640 -4640 -4641 -4641 -4640 -4637 -4633 -4624 -4614
-4226 -4231 -4247 -4273 -4298 -4322 -4352 -4380 -4407 -4434 -4455 -4466 -4477 -4489 -4490 -4484 -4479 -4476 -4469 -4463 -4459 -4458 -4462 -4468 -4478 -4492 -4506 -4520 -4535 -4544 -4551 -4554 -4551 -4538 -4521 -4501 -4475 -4449 -4421 -4390 -4364 -4347 -4330 -4311 -4304 -4310 -4315 -4318 -4333 -4358 -4381 -4399 -4425 -4446 -4469 -4495 -4514 -4526 -4540 -4557 -4567 -4569 -4574 -4584 -4588 -4586 -4589 -4595 -4596 -4594 -4596 -4596 -4595 -4593 -4591 -4582 -4574
-4194 -4202 -4218 -4243 -4269 -4296 -4327 -4357 -4386 -4414 -4436 -4451 -4463 -4473 -4475 -4470 -4464 -4458 -4450 -4441 -4435 -4430 -4431 -4434 -4441 -4452 -4464 -4476 -4489 -4499 -4507 -4512 -4511 -4503 -4491 -4475 -4454 -4432 -4409 -4385 -4363 -4347 -4332 -4319 -4314 -4317 -4322 -4329 -4343 -4363 -4383 -4403 -4424 -4445 -4465 -4486 -4502 -4514 -4526 -4538 -4546 -4549 -4553 -4558 -4559 -4558 -4558 -4559 -4559 -4556 -4555 -4553 -4551 -4548 -4544 -4538 -4531
-4161 -4168 -4186 -4211 -4239 -4269 -4302 -4334 -4365 -4396 -4421 -4436 -4450 -4461 -4461 -4455 -4448 -4440 -4429 -4418 -4408 -4400 -4397 -4397 -4401 -4411 -4421 -4433 -4445 -4457 -4466 -4473 -4476 -4471 -4463 -4452 -4436 -4417 -4398 -4378 -4361 -4346 -4334 -4325 -4321 -4324 -4329 -4338 -4351 -4369 -4388 -4407 -4427 -4446 -4464 -4482 -4496 -4506 -4516 -4526 -4531 -4532 -4534 -4536 -4535 -4531 -4529 -4527 -4523 -4518 -4515 -4512 -4508 -4504 -4499 -4493 -4488
-4127 -4130 -4149 -4179 -4209 -4240 -4278 -4311 -4345 -4380 -4409 -4422 -4436 -4452 -4451 -4440 -4431 -4423 -4408 -4393 -4380 -4368 -4362 -4357 -4359 -4370 -4379 -4389 -4402 -4416 -4428 -4438 -4445 -4442 -4438 -4432 -4420 -4403 -4387 -4371 -4356 -4343 -4333 -4326 -4324 -4328 -4335 -4343 -4357 -4376 -4395 -4412 -4433 -4450 -4466 -4483 -4495 -4502 -4509 -4519 -4522 -4519 -4518 -4519 -4515 -4506 -4501 -4497 -4490 -4481 -4476 -4470 -4464 -4459 -4454 -4447 -4443
-4099 -4101 -4121 -4150 -4180 -4211 -4251 -4284 -4320 -4357 -4387 -4400 -4415 -4432 -4432 -4420 -4409 -4400 -4383 -4367 -4351 -4337 -4329 -4322 -4322 -4331 -4340 -4348 -4363 -4377 -4390 -4403 -4413 -4412 -4411 -4411 -4403 -4387 -4374 -4363 -4351 -4339 -4331 -4328 -4328 -4332 -4340 -4352 -4368 -4384 -4403 -4424 -4443 -4461 -4477 -4491 -4502 -4510 -4515 -4521 -4522 -4519 -4515 -4511 -4503 -4491 -4481 -4472 -4461 -4448 -4439 -4429 -4421 -4413 -4405 -4398 -4394
-4077 -4081 -4097 -4124 -4153 -4183 -4219 -4254 -4290 -4325 -4353 -4371 -4386 -4400 -4402 -4393 -4383 -4373 -4356 -4340 -4323 -4308 -4298 -4290 -4289 -4295 -4302 -4311 -4324 -4339 -4353 -4366 -4377 -4379 -4381 -4382 -4377 -4365 -4355 -4348 -4338 -4328 -4323 -4323 -4325 -4330 -4340 -4355 -4371 -4388 -4408 -4431 -4451 -4472 -4489 -4501 -4513 -4522 -4528 -4529 -4528 -4525 -4518 -4508 -4496 -4482 -4467 -4451 -4435 -4418 -4403 -4389 -4376 -4364 -4354 -4347 -4342
-4056 -4056 -4071 -4098 -4125 -4153 -4188 -4224 -4259 -4294 -4323 -4340 -4356 -4372 -4375 -4366 -4356 -4347 -4329 -4312 -4295 -4278 -4267 -4256 -4253 -4260 -4266 -4272 -4287 -4301 -4316 -4331 -4343 -4345 -4349 -4355 -4351 -4340 -4332 -4329 -4321 -4312 -4309 -4313 -4316 -4321 -4334 -4353 -4371 -4388 -4410 -4437 -4458 -4482 -4500 -4511 -4524 -4537 -4542 -4540 -4537 -4534 -4523 -4508 -4492 -4474 -4454 -4432 -4409 -4387 -4366 -4348 -4330 -4313 -4300 -4294 -4288
-4041 -4042 -4054 -4076 -4101 -4127 -4159 -4192 -4226 -4258 -4286 -4306 -4323 -4336 -4340 -4335 -4327 -4317 -4302 -4285 -4269 -4252 -4240 -4230 -4226 -4229 -4233 -4240 -4251 -4264 -4278 -4291 -4301 -4307 -4311 -4315 -4313 -4306 -4300 -4297 -4291 -4286 -4285 -4289 -4295 -4304 -4318 -4337 -4358 -4379 -4404 -4431 -4457 -4482 -4502 -4517 -4531 -4544 -4550 -4549 -4545 -4539 -4526 -4507 -4486 -4464 -4439 -4411 -4384 -4356 -4330 -4307 -4286 -4266 -4251 -4241 -4235
