data/rays/GEBCO2014.asc
ncols        78
nrows        72
xllcorner    103.700000000000
yllcorner    -21.400000000000
cellsize     0.008333333333
NODATA_value -32768
[rows 34 to 67 of 72, columns 0 to 76 of 78]
-4024 -4023 -4033 -4053 -4075 -4099 -4129 -4161 -4194 -4224 -4252 -4273 -4291 -4304 -4309 -4306 -4299 -4290 -4275 -4259 -4243 -4226 -4212 -4201 -4196 -4197 -4200 -4205 -4215 -4227 -4239 -4252 -4262 -4267 -4272 -4276 -4276 -4270 -4265 -4263 -4258 -4254 -4255 -4261 -4269 -4279 -4296 -4318 -4341 -4365 -4393 -4425 -4453 -4482 -4505 -4522 -4539 -4555 -4562 -4559 -4554 -4547 -4531 -4508 -4482 -4456 -4425 -4392 -4358 -4325 -4293 -4265 -4239 -4215 -4197 -4188 -4180
-4007 -3999 -4008 -4031 -4051 -4069 -4098 -4132 -4163 -4193 -4222 -4243 -4261 -4278 -4284 -4280 -4274 -4266 -4250 -4235 -4217 -4198 -4184 -4170 -4163 -4165 -4166 -4167 -4177 -4189 -4201 -4213 -4224 -4226 -4231 -4239 -4239 -4230 -4225 -4226 -4222 -4217 -4218 -4228 -4238 -4249 -4267 -4294 -4321 -4346 -4378 -4416 -4447 -4482 -4510 -4525 -4545 -4569 -4577 -4568 -4562 -4559 -4540 -4508 -4478 -4449 -4412 -4372 -4332 -4292 -4253 -4223 -4192 -4161 -4141 -4134 -4126
-4001 -3990 -3996 -4017 -4033 -4046 -4073 -4106 -4135 -4162 -4191 -4213 -4232 -4248 -4255 -4254 -4250 -4242 -4228 -4214 -4197 -4177 -4163 -4147 -4138 -4138 -4137 -4134 -4142 -4151 -4161 -4170 -4178 -4180 -4183 -4189 -4188 -4180 -4176 -4176 -4172 -4169 -4172 -4180 -4192 -4207 -4227 -4254 -4285 -4314 -4350 -4392 -4427 -4466 -4498 -4516 -4539 -4568 -4578 -4567 -4561 -4559 -4538 -4502 -4468 -4438 -4395 -4350 -4305 -4261 -4217 -4184 -4150 -4114 -4092 -4088 -4079
-4006 -3999 -4001 -4013 -4026 -4039 -4060 -4087 -4113 -4138 -4163 -4186 -4205 -4219 -4228 -4230 -4227 -4221 -4210 -4197 -4181 -4163 -4147 -4132 -4122 -4116 -4112 -4108 -4110 -4115 -4120 -4125 -4129 -4130 -4131 -4132 -4129 -4124 -4120 -4118 -4116 -4116 -4120 -4128 -4140 -4158 -4180 -4208 -4240 -4274 -4312 -4354 -4393 -4433 -4468 -4493 -4519 -4544 -4555 -4552 -4547 -4540 -4519 -4486 -4451 -4415 -4372 -4325 -4278 -4232 -4188 -4151 -4115 -4083 -4061 -4052 -4045
-4014 -4004 -4003 -4012 -4021 -4030 -4047 -4071 -4094 -4116 -4140 -4162 -4181 -4195 -4205 -4209 -4209 -4204 -4195 -4182 -4167 -4150 -4133 -4117 -4104 -4095 -4087 -4079 -4077 -4078 -4079 -4079 -4080 -4079 -4078 -4075 -4071 -4067 -4062 -4059 -4057 -4059 -4063 -4070 -4084 -4104 -4128 -4156 -4190 -4228 -4269 -4313 -4356 -4400 -4439 -4468 -4497 -4524 -4538 -4537 -4533 -4526 -4504 -4470 -4434 -4395 -4350 -4300 -4250 -4201 -4156 -4117 -4081 -4046 -4025 -4017 -4012
-4023 -4007 -4003 -4012 -4017 -4018 -4032 -4057 -4078 -4095 -4119 -4142 -4162 -4176 -4188 -4193 -4195 -4192 -4183 -4171 -4156 -4137 -4120 -4101 -4085 -4075 -4062 -4049 -4043 -4041 -4039 -4035 -4033 -4030 -4025 -4020 -4014 -4009 -4004 -3998 -3995 -3999 -4003 -4009 -4023 -4046 -4072 -4100 -4137 -4179 -4223 -4271 -4317 -4368 -4412 -4441 -4473 -4509 -4526 -4520 -4517 -4517 -4494 -4454 -4415 -4379 -4329 -4275 -4222 -4170 -4121 -4084 -4046 -4006 -3983 -3983 -3980
-4042 -4027 -4020 -4022 -4023 -4023 -4032 -4051 -4069 -4084 -4105 -4128 -4147 -4162 -4173 -4180 -4184 -4182 -4175 -4163 -4148 -4130 -4111 -4091 -4073 -4058 -4042 -4026 -4014 -4008 -4001 -3993 -3986 -3981 -3974 -3965 -3958 -3953 -3946 -3939 -3936 -3940 -3945 -3950 -3965 -3990 -4016 -4045 -4082 -4126 -4173 -4221 -4271 -4322 -4368 -4403 -4439 -4473 -4492 -4492 -4491 -4488 -4467 -4429 -4391 -4351 -4302 -4249 -4195 -4142 -4094 -4057 -4020 -3983 -3963 -3962 -3962
-4066 -4048 -4036 -4037 -4034 -4027 -4031 -4050 -4064 -4075 -4095 -4118 -4137 -4151 -4163 -4172 -4177 -4177 -4171 -4159 -4143 -4124 -4105 -4083 -4062 -4045 -4025 -4002 -3986 -3978 -3967 -3951 -3942 -3936 -3926 -3911 -3902 -3899 -3891 -3879 -3876 -3884 -3888 -3889 -3904 -3934 -3961 -3986 -4025 -4073 -4121 -4170 -4221 -4275 -4326 -4362 -4400 -4441 -4462 -4460 -4460 -4463 -4442 -4401 -4363 -4327 -4275 -4221 -4168 -4115 -4065 -4033 -3997 -3958 -3939 -3947 -3950
-4098 -4080 -4066 -4061 -4054 -4044 -4045 -4059 -4069 -4076 -4093 -4115 -4133 -4147 -4159 -4168 -4173 -4175 -4170 -4157 -4142 -4124 -4103 -4080 -4056 -4036 -4013 -3988 -3967 -3955 -3939 -3919 -3905 -3898 -3885 -3867 -3856 -3853 -3845 -3831 -3827 -3837 -3841 -3840 -3854 -3885 -3912 -3935 -3973 -4023 -4071 -4117 -4170 -4223 -4274 -4312 -4352 -4393 -4416 -4415 -4417 -4422 -4402 -4364 -4328 -4293 -4244 -4194 -4144 -4093 -4048 -4019 -3987 -3952 -3937 -3947 -3952
-4135 -4119 -4104 -4093 -4083 -4073 -4071 -4076 -4082 -4089 -4102 -4118 -4133 -4147 -4158 -4166 -4171 -4173 -4168 -4157 -4142 -4125 -4104 -4081 -4056 -4032 -4008 -3982 -3959 -3940 -3921 -3900 -3883 -3870 -3855 -3838 -3826 -3819 -3810 -3800 -3797 -3802 -3806 -3810 -3824 -3849 -3874 -3900 -3936 -3980 -4025 -4070 -4119 -4169 -4216 -4257 -4295 -4329 -4351 -4359 -4362 -4362 -4346 -4317 -4285 -4251 -4210 -4166 -4122 -4079 -4042 -4013 -3987 -3964 -3954 -3960 -3969
-4175 -4158 -4141 -4126 -4112 -4100 -4093 -4094 -4096 -4100 -4109 -4123 -4137 -4149 -4160 -4168 -4173 -4175 -4170 -4160 -4146 -4129 -4107 -4083 -4057 -4031 -4004 -3976 -3950 -3928 -3905 -3881 -3861 -3845 -3828 -3809 -3796 -3788 -3779 -3769 -3765 -3770 -3774 -3778 -3791 -3814 -3838 -3862 -3895 -3937 -3980 -4022 -4069 -4116 -4162 -4201 -4238 -4272 -4294 -4303 -4308 -4309 -4296 -4271 -4243 -4213 -4177 -4138 -4099 -4062 -4031 -4007 -3987 -3970 -3966 -3974 -3987
-4217 -4199 -4178 -4160 -4142 -4124 -4113 -4111 -4110 -4108 -4116 -4129 -4142 -4153 -4165 -4172 -4177 -4181 -4177 -4165 -4151 -4136 -4112 -4087 -4058 -4031 -4002 -3970 -3941 -3918 -3892 -3862 -3840 -3825 -3805 -3781 -3766 -3761 -3751 -3737 -3733 -3741 -3744 -3743 -3755 -3781 -3803 -3821 -3853 -3896 -3936 -3973 -4019 -4064 -4110 -4148 -4184 -4219 -4243 -4249 -4255 -4262 -4251 -4225 -4201 -4177 -4144 -4109 -4075 -4043 -4015 -4000 -3985 -3971 -3971 -3987 -4003
-4259 -4241 -4217 -4195 -4173 -4154 -4139 -4132 -4127 -4125 -4129 -4138 -4149 -4159 -4170 -4176 -4181 -4185 -4181 -4170 -4156 -4141 -4118 -4092 -4063 -4034 -4003 -3972 -3941 -3914 -3885 -3855 -3831 -3812 -3792 -3769 -3752 -3744 -3734 -3722 -3718 -3723 -3726 -3727 -3738 -3759 -3779 -3797 -3825 -3862 -3898 -3933 -3974 -4015 -4056 -4092 -4126 -4157 -4179 -4188 -4195 -4200 -4192 -4173 -4153 -4133 -4107 -4079 -4052 -4028 -4008 -3997 -3989 -3984 -3990 -4006 -4025
-4299 -4284 -4256 -4228 -4203 -4182 -4163 -4153 -4144 -4139 -4141 -4148 -4156 -4165 -4176 -4181 -4186 -4191 -4188 -4175 -4162 -4149 -4124 -4098 -4069 -4038 -4007 -3974 -3941 -3913 -3882 -3849 -3823 -3805 -3783 -3758 -3740 -3733 -3723 -3707 -3704 -3710 -3713 -3711 -3722 -3742 -3759 -3773 -3798 -3833 -3864 -3893 -3930 -3966 -4005 -4037 -4068 -4097 -4119 -4126 -4134 -4141 -4136 -4119 -4103 -4089 -4069 -4046 -4027 -4010 -3997 -3992 -3991 -3994 -4005 -4023 -4045
-4329 -4318 -4289 -4256 -4230 -4209 -4187 -4172 -4161 -4155 -4153 -4157 -4163 -4172 -4181 -4184 -4189 -4194 -4191 -4178 -4165 -4152 -4128 -4104 -4075 -4043 -4011 -3979 -3946 -3916 -3885 -3853 -3826 -3806 -3783 -3758 -3740 -3732 -3721 -3707 -3702 -3707 -3709 -3708 -3717 -3734 -3748 -3761 -3782 -3811 -3837 -3861 -3893 -3923 -3955 -3983 -4009 -4034 -4053 -4060 -4067 -4074 -4071 -4059 -4048 -4039 -4026 -4010 -3998 -3991 -3986 -3986 -3991 -4003 -4018 -4036 -4061
-4344 -4328 -4304 -4274 -4248 -4226 -4205 -4188 -4175 -4167 -4164 -4164 -4168 -4174 -4179 -4183 -4186 -4189 -4185 -4175 -4163 -4149 -4128 -4105 -4077 -4047 -4016 -3985 -3953 -3923 -3892 -3862 -3835 -3811 -3789 -3766 -3749 -3737 -3726 -3715 -3710 -3710 -3711 -3713 -3720 -3731 -3743 -3756 -3773 -3793 -3814 -3835 -3859 -3883 -3908 -3930 -3951 -3969 -3983 -3991 -3997 -4001 -4000 -3994 -3987 -3982 -3975 -3969 -3964 -3964 -3967 -3973 -3984 -4001 -4020 -4041 -4066
-4354 -4341 -4317 -4287 -4261 -4239 -4217 -4199 -4185 -4176 -4170 -4168 -4170 -4174 -4178 -4180 -4183 -4185 -4182 -4172 -4161 -4148 -4129 -4107 -4081 -4051 -4021 -3991 -3960 -3929 -3899 -3870 -3842 -3818 -3795 -3773 -3756 -3743 -3731 -3721 -3716 -3714 -3714 -3716 -3721 -3729 -3738 -3748 -3761 -3777 -3793 -3809 -3827 -3844 -3862 -3879 -3894 -3907 -3916 -3923 -3927 -3930 -3930 -3928 -3925 -3924 -3923 -3923 -3927 -3934 -3943 -3955 -3972 -3994 -4017 -4039 -4066
-4359 -4353 -4329 -4294 -4268 -4249 -4225 -4204 -4189 -4180 -4173 -4169 -4169 -4173 -4177 -4177 -4179 -4183 -4181 -4169 -4159 -4150 -4131 -4112 -4086 -4055 -4026 -3997 -3966 -3936 -3906 -3876 -3848 -3824 -3800 -3777 -3760 -3748 -3736 -3725 -3719 -3718 -3717 -3717 -3720 -3726 -3733 -3740 -3749 -3761 -3772 -3782 -3795 -3806 -3819 -3829 -3839 -3846 -3853 -3856 -3858 -3861 -3861 -3860 -3861 -3865 -3869 -3874 -3884 -3899 -3915 -3930 -3953 -3982 -4010 -4030 -4058
-4345 -4337 -4316 -4287 -4262 -4244 -4222 -4202 -4187 -4178 -4170 -4164 -4163 -4166 -4168 -4167 -4169 -4171 -4169 -4160 -4151 -4142 -4126 -4108 -4085 -4057 -4029 -4002 -3972 -3942 -3913 -3884 -3856 -3832 -3808 -3785 -3768 -3754 -3743 -3732 -3725 -3722 -3720 -3719 -3720 -3723 -3728 -3733 -3739 -3745 -3752 -3758 -3765 -3770 -3776 -3781 -3784 -3786 -3787 -3788 -3788 -3788 -3789 -3791 -3794 -3800 -3808 -3819 -3835 -3854 -3876 -3897 -3924 -3956 -3986 -4008 -4036
-4320 -4320 -4300 -4269 -4247 -4234 -4213 -4192 -4179 -4172 -4162 -4155 -4153 -4156 -4157 -4154 -4155 -4159 -4157 -4147 -4140 -4135 -4120 -4105 -4084 -4056 -4031 -4007 -3978 -3948 -3919 -3891 -3864 -3839 -3815 -3792 -3774 -3760 -3748 -3737 -3730 -3724 -3721 -3721 -3719 -3719 -3722 -3726 -3729 -3730 -3732 -3735 -3735 -3735 -3734 -3734 -3732 -3728 -3723 -3721 -3718 -3714 -3715 -3719 -3724 -3731 -3744 -3760 -3780 -3805 -3833 -3856 -3886 -3925 -3958 -3976 -4003
-4275 -4275 -4260 -4236 -4218 -4207 -4190 -4172 -4160 -4154 -4145 -4138 -4135 -4137 -4138 -4135 -4135 -4139 -4137 -4129 -4123 -4118 -4106 -4094 -4076 -4051 -4028 -4007 -3980 -3951 -3924 -3897 -3871 -3846 -3823 -3800 -3781 -3766 -3752 -3741 -3732 -3725 -3720 -3718 -3715 -3712 -3713 -3715 -3715 -3712 -3711 -3710 -3706 -3701 -3695 -3689 -3681 -3672 -3662 -3658 -3652 -3644 -3642 -3648 -3654 -3661 -3676 -3695 -3718 -3745 -3776 -3803 -3836 -3875 -3908 -3928 -3954
-4215 -4215 -4206 -4190 -4177 -4169 -4157 -4143 -4134 -4128 -4121 -4115 -4112 -4112 -4112 -4110 -4110 -4112 -4111 -4105 -4101 -4097 -4088 -4078 -4063 -4042 -4023 -4003 -3979 -3953 -3927 -3902 -3877 -3853 -3830 -3808 -3788 -3771 -3755 -3742 -3732 -3723 -3716 -3711 -3706 -3702 -3700 -3700 -3697 -3693 -3688 -3684 -3676 -3667 -3657 -3646 -3634 -3619 -3607 -3598 -3588 -3578 -3574 -3578 -3584 -3590 -3606 -3628 -3652 -3680 -3712 -3742 -3776 -3812 -3844 -3867 -3891
-4149 -4155 -4149 -4137 -4131 -4128 -4120 -4109 -4102 -4099 -4093 -4087 -4084 -4085 -4085 -4082 -4082 -4085 -4084 -4080 -4078 -4077 -4069 -4062 -4050 -4032 -4015 -4000 -3977 -3953 -3929 -3907 -3882 -3858 -3836 -3814 -3793 -3774 -3756 -3740 -3730 -3719 -3710 -3702 -3696 -3690 -3686 -3684 -3680 -3672 -3664 -3658 -3647 -3635 -3620 -3606 -3589 -3569 -3552 -3542 -3528 -3511 -3505 -3510 -3514 -3516 -3533 -3558 -3584 -3610 -3645 -3677 -3711 -3748 -3781 -3800 -3823
-4072 -4078 -4079 -4077 -4075 -4075 -4072 -4066 -4063 -4061 -4058 -4053 -4051 -4051 -4050 -4048 -4049 -4051 -4051 -4050 -4050 -4050 -4046 -4040 -4031 -4017 -4003 -3990 -3971 -3950 -3929 -3909 -3886 -3862 -3839 -3818 -3796 -3775 -3756 -3738 -3725 -3712 -3700 -3690 -3682 -3674 -3668 -3663 -3657 -3648 -3639 -3630 -3617 -3603 -3586 -3569 -3549 -3527 -3507 -3492 -3476 -3458 -3448 -3450 -3451 -3453 -3467 -3491 -3516 -3541 -3573 -3606 -3639 -3673 -3702 -3723 -3744
-3994 -4002 -4010 -4014 -4017 -4021 -4022 -4021 -4021 -4022 -4020 -4017 -4015 -4016 -4013 -4013 -4013 -4016 -4018 -4018 -4020 -4023 -4020 -4019 -4013 -4001 -3990 -3980 -3966 -3946 -3928 -3911 -3889 -3865 -3842 -3820 -3797 -3775 -3754 -3735 -3718 -3703 -3689 -3676 -3666 -3657 -3649 -3642 -3634 -3623 -3613 -3603 -3588 -3573 -3554 -3534 -3512 -3487 -3464 -3447 -3427 -3404 -3391 -3393 -3392 -3387 -3400 -3426 -3449 -3470 -3502 -3535 -3566 -3597 -3625 -3645 -3663
-3919 -3930 -3941 -3951 -3959 -3966 -3970 -3974 -3976 -3978 -3978 -3977 -3976 -3976 -3975 -3975 -3976 -3979 -3982 -3984 -3987 -3990 -3991 -3991 -3988 -3982 -3974 -3966 -3955 -3940 -3924 -3907 -3888 -3866 -3843 -3821 -3798 -3775 -3752 -3731 -3711 -3694 -3677 -3662 -3649 -3637 -3627 -3617 -3608 -3597 -3586 -3574 -3559 -3543 -3524 -3503 -3480 -3455 -3431 -3410 -3388 -3366 -3352 -3347 -3343 -3341 -3350 -3369 -3389 -3409 -3436 -3466 -3494 -3521 -3546 -3565 -3581
-3847 -3859 -3874 -3890 -3902 -3912 -3920 -3927 -3932 -3935 -3936 -3937 -3937 -3936 -3936 -3937 -3938 -3941 -3945 -3949 -3954 -3958 -3962 -3965 -3965 -3962 -3958 -3953 -3945 -3933 -3920 -3906 -3887 -3866 -3844 -3823 -3799 -3774 -3749 -3726 -3703 -3683 -3663 -3645 -3630 -3616 -3604 -3592 -3581 -3570 -3559 -3546 -3531 -3515 -3495 -3473 -3449 -3423 -3398 -3375 -3352 -3327 -3310 -3303 -3296 -3291 -3297 -3313 -3330 -3347 -3371 -3399 -3424 -3447 -3470 -3488 -3502
-3779 -3790 -3809 -3832 -3849 -3860 -3872 -3882 -3889 -3893 -3895 -3897 -3897 -3897 -3896 -3898 -3900 -3902 -3907 -3914 -3920 -3927 -3933 -3939 -3944 -3942 -3941 -3941 -3937 -3926 -3916 -3906 -3887 -3866 -3846 -3825 -3799 -3772 -3746 -3719 -3694 -3671 -3648 -3627 -3609 -3594 -3580 -3567 -3555 -3543 -3532 -3520 -3505 -3489 -3469 -3446 -3422 -3394 -3366 -3344 -3317 -3287 -3265 -3261 -3251 -3237 -3240 -3259 -3274 -3283 -3306 -3334 -3358 -3376 -3397 -3416 -3428
-3725 -3736 -3757 -3784 -3803 -3814 -3829 -3842 -3849 -3852 -3856 -3858 -3859 -3858 -3857 -3860 -3862 -3863 -3870 -3878 -3886 -3893 -3902 -3911 -3918 -3920 -3922 -3925 -3924 -3916 -3908 -3901 -3885 -3864 -3845 -3826 -3799 -3770 -3742 -3714 -3686 -3660 -3634 -3609 -3588 -3572 -3556 -3540 -3528 -3516 -3505 -3493 -3479 -3463 -3444 -3422 -3398 -3371 -3343 -3319 -3293 -3262 -3238 -3231 -3219 -3203 -3202 -3218 -3229 -3235 -3253 -3280 -3300 -3314 -3332 -3351 -3362
-3689 -3704 -3725 -3750 -3769 -3782 -3795 -3807 -3815 -3818 -3821 -3823 -3823 -3822 -3822 -3824 -3827 -3829 -3835 -3844 -3852 -3861 -3871 -3881 -3890 -3896 -3901 -3905 -3907 -3902 -3897 -3891 -3878 -3860 -3841 -3822 -3796 -3766 -3736 -3707 -3677 -3648 -3619 -3592 -3569 -3550 -3532 -3515 -3501 -3490 -3478 -3466 -3453 -3438 -3421 -3400 -3377 -3353 -3326 -3301 -3275 -3247 -3224 -3211 -3198 -3184 -3181 -3189 -3196 -3201 -3215 -3236 -3253 -3266 -3281 -3298 -3308
-3664 -3676 -3698 -3724 -3743 -3753 -3767 -3779 -3785 -3786 -3788 -3791 -3790 -3787 -3787 -3791 -3793 -3794 -3801 -3811 -3820 -3828 -3840 -3852 -3863 -3871 -3879 -3887 -3891 -3888 -3885 -3883 -3873 -3854 -3836 -3819 -3794 -3761 -3730 -3701 -3668 -3635 -3604 -3574 -3548 -3527 -3508 -3489 -3475 -3463 -3452 -3440 -3427 -3414 -3400 -3380 -3358 -3336 -3310 -3286 -3260 -3233 -3209 -3196 -3181 -3164 -3158 -3165 -3169 -3169 -3180 -3200 -3214 -3222 -3235 -3253 -3263
-3654 -3670 -3690 -3711 -3728 -3739 -3750 -3758 -3762 -3763 -3763 -3763 -3761 -3759 -3758 -3760 -3763 -3766 -3772 -3782 -3791 -3801 -3813 -3825 -3836 -3847 -3856 -3865 -3870 -3871 -3870 -3868 -3859 -3843 -3826 -3807 -3782 -3751 -3720 -3688 -3655 -3620 -3588 -3557 -3529 -3506 -3484 -3465 -3450 -3438 -3426 -3415 -3403 -3391 -3377 -3359 -3339 -3318 -3295 -3272 -3247 -3223 -3202 -3186 -3171 -3157 -3150 -3151 -3152 -3153 -3161 -3175 -3186 -3195 -3207 -3221 -3231
-3650 -3667 -3686 -3705 -3719 -3729 -3736 -3741 -3743 -3741 -3739 -3737 -3734 -3730 -3728 -3731 -3733 -3736 -3743 -3753 -3763 -3773 -3785 -3798 -3811 -3823 -3834 -3844 -3852 -3855 -3856 -3855 -3848 -3833 -3816 -3798 -3773 -3741 -3708 -3676 -3641 -3605 -3570 -3537 -3507 -3483 -3460 -3440 -3424 -3412 -3401 -3390 -3379 -3368 -3355 -3339 -3321 -3303 -3281 -3258 -3235 -3213 -3193 -3176 -3161 -3147 -3139 -3138 -3137 -3137 -3142 -3153 -3163 -3170 -3182 -3196 -3207
-3653 -3667 -3686 -3704 -3716 -3722 -3727 -3729 -3727 -3722 -3716 -3713 -3709 -3702 -3698 -3703 -3705 -3706 -3713 -3725 -3736 -3744 -3758 -3771 -3786 -3799 -3812 -3825 -3836 -3839 -3842 -3845 -3839 -3822 -3806 -3792 -3766 -3730 -3695 -3664 -3627 -3587 -3549 -3514 -3483 -3458 -3434 -3412 -3397 -3386 -3376 -3365 -3356 -3347 -3336 -3320 -3304 -3288 -3268 -3245 -3223 -3201 -3181 -3165 -3150 -3135 -3126 -3125 -3123 -3118 -3123 -3135 -3144 -3147 -3158 -3177 -3189
